0
-1
-17
-33
37
263
661
1153
1614
1916
2014
1915
1628
1181
620
-5
-628
-1193
-1637
-1926
-2021
-1925
-1635
-1190
-626
-2
622
1184
1630
1916
2014
1915
1628
1181
620
-5
-628
-1193
-1637
-1926
-2021
-1925
-1635
-1190
-626
-2
622
1184
1630
1917
2015
1916
1629
1183
621
-4
-627
-1192
-1637
-1926
-2021
-1925
-1635
-1190
-626
-2
622
1184
1630
1917
2015
1916
1629
1182
620
-5
-628
-1193
-1637
-1926
-2021
-1925
-1635
-1190
-626
-2
622
1184
1630
1916
2014
1915
1628
1181
620
-4
-627
-1191
-1635
-1924
-2020
-1925
-1636
-1192
-628
-4
621
1182
1629
1915
2013
1914
1628
1181
620
-5
-628
-1193
-1637
-1927
-2022
-1927
-1637
-1192
-627
-4
621
1183
1629
1916
2015
1917
1630
1183
621
-3
-627
-1191
-1635
-1924
-2020
-1925
-1636
-1191
-627
-3
622
1184
1630
1916
2014
1915
1628
1182
621
-4
-627
-1192
-1637
-1927
-2022
-1926
-1636
-1191
-626
-3
621
1183
1629
1916
2015
1917
1630
1183
621
-4
-628
-1192
-1636
-1925
-2020
-1924
-1635
-1190
-626
-2
622
1183
1629
1915
2013
1915
1629
1183
622
-3
-627
-1191
-1636
-1926
-2021
